#0
-147456
444.3427
115732.2
-114923.4
3952.865
147454.3
#1
-114923.4
0
115732.2
-83178.74
3496.739
147454.3
#2
-83178.74
0
115732.2
-51510.8
1032.303
147454.3
#3
-51510.8
0
115732.2
-20706.4
732.192
147454.3
#4
-20706.4
0
115732.2
14745.83
306.0807
147454.3
#5
14745.83
7.9347
115732.2
51686.52
1652.598
147454.3
#6
51686.51
36.30119
115732.2
86176.84
2620.79
147454.3
#7
86176.84
334.9193
115732.2
115074.6
3490.272
147454.3
#8
115074.6
642.9529
115732.2
147454.3
4499.168
147454.3
#9
-147456
18.2498
83240.52
-114923.4
2072.77
115732.2
#10
-114923.4
0
83240.52
-83178.73
1500.252
115732.2
#11
-83178.74
0
83240.52
-51510.8
308.367
115732.2
#12
-51510.8
0
83240.52
-20706.4
273.3501
115732.2
#13
-20706.4
0
83240.52
14745.84
316.7924
115732.2
#14
14745.83
14.9137
83240.52
51686.52
618.4166
115732.2
#15
51686.52
245.9754
83240.52
86176.84
2472.053
115732.2
#16
86176.84
353.0937
83240.52
115074.6
3275.044
115732.2
#17
115074.6
1013.585
83240.52
147454.3
3829.48
115732.2
#18
-147456
113.3209
48091.95
-114923.4
1095.431
83240.52
#19
-114923.4
0
48091.95
-83178.73
705.9891
83240.52
#20
-83178.73
0
48091.95
-51510.79
223.3616
83240.52
#21
-51510.8
0
48091.95
-20706.4
259.8612
83240.52
#22
-20706.4
0
48091.95
14745.84
357.9142
83240.52
#23
14745.84
29.5501
48091.95
51686.52
803.3875
83240.52
#24
51686.52
187.6554
48091.95
86176.84
2676.618
83240.52
#25
86176.84
689.9213
48091.95
115074.6
3065.171
83240.52
#26
115074.6
930.201
48091.95
147454.3
3453.971
83240.52
#27
-147456
8.926498
13085.12
-114923.4
1030.822
48091.95
#28
-114923.4
0
13085.12
-83178.73
1601.617
48091.95
#29
-83178.73
0
13085.12
-51510.79
377.2946
48091.95
#30
-51510.79
0
13085.12
-20706.4
365.1942
48091.95
#31
-20706.4
169.2073
13085.12
14745.84
521.1108
48091.95
#32
14745.84
83.23
13085.12
51686.52
1963.638
48091.95
#33
51686.52
510.2007
13085.12
86176.84
4167.101
48091.95
#34
86176.84
1164.746
13085.12
115074.6
4223.834
48091.95
#35
115074.6
1451.255
13085.12
147454.3
4160.952
48091.95
#36
-147456
15.0759
-21780.55
-114923.4
1079.118
13085.12
#37
-114923.4
42.2522
-21780.55
-83178.73
1307.835
13085.12
#38
-83178.73
103.2813
-21780.55
-51510.79
886.9001
13085.12
#39
-51510.79
173.9681
-21780.55
-20706.4
1555.971
13085.12
#40
-20706.4
193.4081
-21780.55
14745.84
1368.139
13085.12
#41
14745.84
316.8058
-21780.55
51686.52
2938.414
13085.12
#42
51686.52
1155.361
-21780.55
86176.84
8683.329
13085.12
#43
86176.84
1305.058
-21780.55
115074.6
7575.485
13085.12
#44
115074.6
1668.085
-21780.55
147454.3
4185.946
13085.12
#45
-147456
78.04309
-56505.64
-114923.4
1485.573
-21780.55
#46
-114923.4
72.40409
-56505.64
-83178.73
586.3737
-21780.55
#47
-83178.73
102.6811
-56505.64
-51510.79
856.1531
-21780.55
#48
-51510.79
175.9518
-56505.64
-20706.39
1726.787
-21780.55
#49
-20706.4
377.4639
-56505.64
14745.84
2584.13
-21780.55
#50
14745.84
637.691
-56505.64
51686.53
2852.521
-21780.55
#51
51686.52
1003.393
-56505.64
86176.84
3671.58
-21780.55
#52
86176.84
616.4139
-56505.64
115074.6
4146.669
-21780.55
#53
115074.6
1171.503
-56505.64
147454.3
4064.148
-21780.55
#54
-147456
216.4187
-92484.66
-114923.4
1871.793
-56505.64
#55
-114923.4
84.50449
-92484.66
-83178.73
1604.593
-56505.64
#56
-83178.73
53.7575
-92484.66
-51510.79
450.8887
-56505.64
#57
-51510.79
84.28239
-92484.66
-20706.39
1339.177
-56505.64
#58
-20706.39
256.8856
-92484.66
14745.84
2209.811
-56505.64
#59
14745.84
465.568
-92484.66
51686.53
3153.643
-56505.64
#60
51686.53
518.7303
-92484.66
86176.84
3224.063
-56505.64
#61
86176.84
582.1019
-92484.66
115074.6
3599.969
-56505.64
#62
115074.6
1765.164
-92484.66
147454.3
4894.514
-56505.64
#63
-147456
19.8367
-117167.1
-114923.3
1680.766
-92484.66
#64
-114923.4
59.43779
-117167.1
-83178.72
1566.506
-92484.66
#65
-83178.73
27.1763
-117167.1
-51510.79
765.3009
-92484.66
#66
-51510.79
118.5259
-117167.1
-20706.39
1679.799
-92484.66
#67
-20706.39
503.0594
-117167.1
14745.85
2621.622
-92484.66
#68
14745.84
987.9109
-117167.1
51686.53
3509.712
-92484.66
#69
51686.53
760.3417
-117167.1
86176.85
3530.937
-92484.66
#70
86176.84
923.9947
-117167.1
115074.6
3450.4
-92484.66
#71
115074.6
1875.26
-117167.1
147454.3
3982.024
-92484.66
#72
-147456
0
-147456
-114923.3
1066.422
-117167.1
#73
-114923.3
2.9755
-147456
-83178.72
1383.413
-117167.1
#74
-83178.72
6.6885
-147456
-51510.79
1166.991
-117167.1
#75
-51510.79
184.8783
-147456
-20706.39
1973.953
-117167.1
#76
-20706.39
560.9827
-147456
14745.85
2931.868
-117167.1
#77
14745.85
797.4365
-147456
51686.53
5014.129
-117167.1
#78
51686.53
772.2437
-147456
86176.85
3401.999
-117167.1
#79
86176.85
1345.128
-147456
115074.6
4160.14
-117167.1
#80
115074.6
1799.191
-147456
147454.3
7424.093
-117167.1
